3853
1993
1771
2091
2020
2055
2047
2024
2126
1991
2084
2019
2109
2047
1949
2175
2014
2146
2032
1973
2067
1943
2083
2069
2064
2061
1908
2181
1973
2095
2031
2135
2121
1894
2106
2627
2880
2793
2680
2863
2630
2882
2930
2913
2178
2025
2179
2030
2090
2064
1987
2146
1957
2073
2030
2240
2022
1910
2113
1901
2028
2045
1980
2065
1912
2125
2064
2075
2020
2009
2174
2016
2086
2057
2071
2065
1977
2157
2020
2130
2127
1999
2116
1973
2089
2074
2037
2056
1923
2240
1992
2073
2046
1980
2077
1951
2739
2830
2924
2786
2697
2973
2881
3046
2125
2024
2072
1950
2125
2017
2094
2094
1958
2121
1993
2069
2000
2079
2028
1921
2129
1956
2142
2045
1945
2110
1898
1952
2064
2075
2053
1944
2169
1994
2083
2051
2138
2154
1990
2113
2021
2119
2060
1898
2127
1894
2096
2028
1996
2041
1928
2150
1960
2031
2024
1961
2157
1935
1998
2038
2153
2036
1950
2160
1966
2060
2055
1996
2101
1956
2105
2058
2055
2064
1944
2157
1964
2069
2016
2004
2019
1922
2123
1915
2095
2017
1934
2093
1936
2044
2046
2058