3830
2071
1855
2134
2052
2078
2151
2076
2151
1995
2061
2021
1977
2132
2038
2048
2088
2094
2095
1992
2070
2018
2138
2019
1991
2121
2027
2077
1981
2017
2006
1904
2117
1940
2055
2060
2042
2157
2030
2111
2035
2120
2066
2033
2119
2081
2085
2058
2015
2044
1990
2159
1993
2001
2028
2008
2111
2038
1997
1939
2106
2078
2000
2088
1989
2088
2056
2027
2123
2012
2164
1996
2104
2068
2057
2171
2037
2044
2047
2007
2207
1987
2132
1985
2045
2027
2015
2080
2037
2088
1971
2014
2094
2007
2099
2000
2050
2050
1998
2172
2052
2111
2004
2273
2085
2029
2117
2093
2136
2078
2029
2213
2024
2090
1966
2049
1990
1931
2124
2009
2006
2035
2039
2118
2022
2096
2066
1944
2088
2047
2160
2085
2151
2019
2072
2042
1968
2164
2060
2077
2096
2058
2168
2019
2105
2004
2104
2046
2020
2138
2067
2051
2045
1986
2050
1993
2171
1969
1932
2065
2068
2145
2048
2060
2021
2131
2117
2048
2137
2067
2082
2063
2021
2122
1970
2153
1956
2049
2037
2011
2119
2000
2013
1994
1951
2068
2000
2062
1959
2034
2067
2018