3574
2101
1767
2231
2045
1968
2124
2045
2138
2000
1997
2066
1972
2179
2030
2078
2081
2106
1986
1965
2050
2055
2187
1893
1817
2033
1935
2022
1933
1905
1912
1773
2054
1828
2003
1981
1941
2021
1945
2024
1975
1993
1975
1907
2070
1984
2082
1934
1885
1857
1790
2030
1866
1858
1860
1849
2018
1922
1947
1924
2078
1891
1895
1995
1878
2100
1950
1881
1984
1822
2084
1930
1908
1967
2004
2053
1928
1992
2030
1860
2068
1898
1998
1955
1962
1801
1810
1964
1870
2109
1870
1888
1914
1899
2005
1876
1976
1947
1780
2014
1960
2030
1965
2014
1958
1931
2051
1892
2167
2024
1907
2107
1934
2042
1909
1878
1890
1788
2060
1912
1956
1922
1963
1953
1908
1968
1965
1966
1904
1849
2062
1965
2053
1924
1923
1941
1796
2074
1943
1961
1964
1936
2029
1877
1909
1914
1895
1849
1839
2008
1856
1991
1865
1774
1792
1759
1971
1827
1729
1848
1848
2009
1880
1912
1930
2092
1892
1858
1988
1882
1992
1857
1798
1898
1678
1959
1803
1759
1857
1840
1922
1823
1852
1914
1703
1802
1800
1874
1817
1840
1774
1796